
p1 0000 0000 1111 1111 0000 0000 1111 1111
p2 0101 0000 0101 0000 0101 0000 0101 0000

   f    4    7    5    8    c    d    2
k  1111 0100 0111 0101 1000 1100 1101 0010


p1 0000 0000 1111 1111 0000 0000 1111 1111
k  1111 0100 0111 0101 1000 1100 1101 0010
c1 1111 0100 1000 1010 1000 1100 0010 1101

p2 0101 0000 0101 0000 0101 0000 0101 0000
k  1111 0100 0111 0101 1000 1100 1101 0010
c2 1010 0100 0010 0101 1101 1100 1000 0010


c1 1111 0100 1000 1010 1000 1100 0010 1101
c2 1010 0100 0010 0101 1101 1100 1000 0010
x  0101 0000 1010 1111 0101 0000 1010 1111


x  0101 0000 1010 1111 0101 0000 1010 1111
p1 0000 0000 1111 1111 0000 0000 1111 1111
p2 0101 0000 0101 0000 0101 0000 0101 0000

x = xor p1 p2